1649994846.30094, [255, 255, 255, 255, 255, 255, 255, 255, 255, 192]
1649994846.583643, [255, 255, 255, 255, 255, 255, 255, 255, 255, 255]
1649994846.783875, [255, 255, 255, 255, 255, 255, 201, 195, 192, 255]
1649994846.959949, [182, 191, 170, 175, 181, 177, 173, 169, 155, 174]
1649994847.1316931, [166, 172, 159, 165, 170, 167, 164, 151, 140, 150]
1649994847.287942, [152, 153, 146, 148, 160, 153, 146, 135, 121, 134]
1649994847.446368, [130, 135, 125, 130, 150, 143, 139, 123, 109, 111]
1649994847.606051, [120, 123, 113, 121, 138, 136, 129, 115, 96, 101]
1649994847.91617, [106, 107, 102, 104, 132, 136, 124, 101, 82, 88]
1649994847.933708, [95, 97, 87, 95, 129, 135, 115, 88, 75, 79]
1649994848.039888, [85, 87, 81, 89, 125, 137, 103, 77, 65, 70]
1649994848.1845582, [77, 76, 71, 81, 129, 139, 86, 64, 57, 61]
1649994848.3305442, [69, 68, 69, 76, 154, 122, 70, 52, 49, 52]
1649994848.47423, [58, 66, 68, 85, 177, 95, 61, 49, 47, 48]
1649994848.6184251, [56, 60, 62, 83, 255, 87, 54, 42, 42, 44]
1649994848.765572, [50, 53, 58, 95, 255, 106, 48, 36, 34, 40]
1649994848.9257228, [43, 42, 50, 110, 255, 166, 46, 30, 31, 32]
1649994849.083651, [36, 40, 49, 137, 255, 255, 51, 30, 29, 27]
1649994849.2508569, [34, 38, 48, 178, 255, 255, 50, 26, 25, 25]
1649994849.421817, [30, 29, 47, 255, 255, 255, 41, 19, 18, 20]
1649994849.5994, [21, 25, 107, 255, 255, 255, 25, 15, 12, 13]
1649994849.791548, [20, 26, 255, 255, 255, 255, 18, 16, 14, 11]
1649994849.983458, [17, 27, 255, 255, 255, 255, 24, 24, 30, 11]
1649994850.268484, [255, 255, 255, 255, 255, 255, 255, 255, 255, 46]
1649994850.5784872, [255, 255, 255, 255, 255, 255, 255, 255, 255, 255]
1649994850.885798, [255, 255, 255, 255, 255, 255, 255, 255, 255, 255]
1649994851.171825, [255, 255, 255, 255, 255, 255, 255, 255, 255, 255]
