1649994820.868491, [255, 255, 255, 255, 255, 255, 255, 255, 255, 255]
1649994821.2338219, [255, 255, 255, 255, 255, 255, 255, 255, 255, 255]
1649994821.598975, [255, 255, 255, 255, 255, 255, 255, 255, 255, 255]
1649994822.0071838, [255, 255, 255, 255, 255, 255, 255, 255, 255, 255]
1649994822.31617, [255, 255, 255, 255, 255, 255, 255, 202, 255, 255]
1649994822.3987808, [255, 255, 184, 186, 178, 170, 171, 162, 157, 255]
1649994822.566516, [173, 176, 161, 161, 161, 154, 151, 142, 138, 160]
1649994822.7299762, [156, 160, 144, 141, 143, 136, 133, 125, 122, 136]
1649994822.880574, [136, 139, 127, 126, 133, 122, 117, 109, 101, 118]
1649994823.0312939, [117, 118, 112, 114, 120, 109, 103, 87, 85, 99]
1649994823.1696389, [106, 108, 98, 100, 115, 96, 86, 77, 75, 85]
1649994823.3092191, [95, 99, 90, 93, 107, 84, 77, 71, 67, 77]
1649994823.4464798, [83, 83, 80, 87, 93, 69, 65, 61, 58, 71]
1649994823.581456, [74, 76, 72, 81, 80, 58, 56, 52, 50, 60]
1649994823.719018, [65, 68, 64, 77, 72, 48, 47, 42, 40, 54]
1649994823.849438, [52, 55, 52, 75, 73, 34, 35, 32, 30, 38]
1649994823.9912891, [41, 40, 43, 90, 67, 25, 27, 24, 22, 27]
1649994824.1400928, [31, 33, 37, 162, 60, 13, 20, 18, 16, 20]
1649994824.2943501, [26, 25, 39, 255, 38, 13, 18, 15, 13, 13]
1649994824.46062, [20, 20, 86, 255, 32, 10, 15, 14, 12, 12]
1649994824.7734342, [20, 19, 103, 122, 50, 69, 151, 255, 255, 11]
1649994825.08479, [255, 255, 255, 255, 255, 255, 255, 255, 255, 255]
1649994825.393801, [255, 255, 255, 255, 255, 255, 255, 255, 255, 255]
1649994825.714838, [255, 255, 255, 255, 255, 255, 255, 255, 255, 255]
1649994826.0638561, [255, 255, 255, 255, 255, 255, 255, 255, 255, 255]
1649994826.513771, [255, 255, 255, 255, 255, 255, 255, 255, 255, 255]
